0 0.0
1 -0.0309734513274
2 -0.164383561644
3 0.0333333333333
4 -0.00709219858156
5 0.121212121212
6 -0.142857142857
7 0.0388888888889
8 0.130434782609
9 -0.222222222222
10 0.0028818443804
11 -0.043321299639
12 0.0190476190476
13 0.0
14 -0.0432692307692
15 -0.062893081761
16 -0.2
17 -0.176470588235
18 -0.5
19 -0.0426829268293
20 0.165829145729
21 -0.0909090909091
22 0.166666666667
23 0.04
24 0.0227272727273
25 -0.0673076923077
26 0.139664804469
27 0.190476190476
28 0.142857142857
29 -0.125
30 0.416666666667
31 0.0363636363636
32 0.0882352941176
33 0.0632911392405
34 0.375
35 0.0703125
36 -0.125423728814
37 -0.0365853658537
38 -0.0258620689655
39 -0.173913043478
40 0.0366666666667
41 0.107692307692
42 0.0338983050847
43 0.0612244897959
44 0.0
45 -0.25
46 0.0
47 -0.0762124711316
48 1.0
49 0.056338028169
50 0.0970873786408
51 -0.0175438596491
52 0.666666666667
53 0.0416666666667
54 -0.030487804878
55 0.162251655629
56 -0.147540983607
57 0.0
58 0.2
59 0.09375
60 0.1
61 0.0720461095101
62 -0.0205479452055
63 0.0651340996169
64 0.0641711229947
65 0.0
66 -0.125
67 -0.0321100917431
68 -0.07
69 -0.128571428571
70 0.0
71 -0.0151843817787
72 -0.260869565217
73 0.014598540146
74 0.0
75 0.0
76 -1.0
77 0.142857142857
78 -0.0482456140351
79 0.00735294117647
80 -0.204081632653
81 0.0
82 -0.00595238095238
83 -0.0138888888889
84 0.077519379845
85 0.0849420849421
86 -0.030303030303
87 -0.2
88 0.037037037037
89 -0.260869565217
90 0.0353982300885
91 0.0506329113924
92 -0.5
93 0.292682926829
94 0.0486111111111
95 -0.107407407407
96 -0.0147058823529
97 0.166666666667
98 -0.166666666667
99 0.5
100 -0.0571428571429
101 -0.0183823529412
102 -0.0264900662252
103 -0.0743243243243
104 -0.0294117647059
105 -0.5
106 -0.152263374486
107 0.0982658959538
108 0.0330578512397
109 -0.0676923076923
110 0.0325581395349
111 0.222222222222
112 0.290476190476
113 -0.0743801652893
114 -0.113636363636
115 -0.0243902439024
116 0.0344827586207
117 -0.7
118 -0.461538461538
119 0.0449438202247
120 0.051724137931
121 0.182608695652
122 -0.00900900900901
123 -0.117647058824
124 -0.2
125 -0.428571428571
126 -0.114613180516
127 0.137254901961
128 -0.06
129 -0.0789473684211
130 -0.128205128205
131 0.125
132 -0.105263157895
133 -0.10502283105
134 0.0
135 -0.0192307692308
136 0.111111111111
137 -0.075
138 0.170731707317
139 0.0
140 0.0
141 0.00261780104712
142 0.0695187165775
143 -0.0684931506849
144 0.0
145 0.0496453900709
146 0.0564263322884
147 0.0891089108911
148 0.015873015873
149 0.093984962406
150 0.0858895705521
151 0.0865800865801
152 -0.454545454545
153 0.0731707317073
154 -0.0441988950276
155 0.153846153846
156 -0.121212121212
157 0.221052631579
158 0.0879120879121
159 0.0738255033557
160 -0.0346534653465
161 0.0
162 0.0281690140845
163 -0.0816326530612
164 0.0
165 -0.0882352941176
166 -0.222222222222
167 -0.4
168 0.0
169 -0.0780141843972
170 0.0547945205479
171 0.102941176471
172 0.0157894736842
173 0.0933333333333
174 0.285714285714
175 -0.0833333333333
176 -0.225
177 0.0883534136546
178 0.0350877192982
179 -0.0819672131148
180 -0.1
181 -0.1
182 0.0745341614907
183 -0.0268456375839
184 -0.00869565217391
185 -0.625
186 -1.0
187 0.0787037037037
188 0.111764705882
189 -0.0188679245283
190 -0.416666666667
191 -0.0416666666667
192 0.0
193 -0.03
194 -0.283018867925
195 0.0131578947368
196 -0.020202020202
197 -0.0765765765766
198 -0.142857142857
199 -0.25
200 0.125
201 0.125475285171
202 -0.347222222222
203 -0.6
204 0.117647058824
205 -0.363636363636
206 1.0
207 0.104651162791
208 0.123711340206
209 0.136842105263
210 -0.25
211 -0.120967741935
212 0.100591715976
213 -0.0833333333333
214 0.19696969697
215 0.0182926829268
216 -0.0344827586207
217 -0.00625
218 -0.444444444444
219 -0.106382978723
220 0.285714285714
221 0.0
222 0.0124223602484
223 -0.0544747081712
224 0.0562770562771
225 -0.0333333333333
226 0.0
227 -0.25
228 0.0661157024793
229 -0.00769230769231
230 0.0185185185185
231 0.0352941176471
232 0.0571428571429
233 -0.0384615384615
234 -0.0666666666667
235 -0.0229007633588
236 0.0111111111111
237 0.0
238 0.191489361702
239 -0.117647058824
240 -0.02
241 -0.175438596491
242 -0.0161290322581
243 0.333333333333
244 -0.0819672131148
245 0.0761589403974
246 -0.141791044776
247 0.1
248 0.0392857142857
249 0.0
250 -0.213114754098
251 -0.0606060606061
252 0.046511627907
253 -0.163265306122
254 1.0
255 0.0
256 -0.0714285714286
257 0.0
258 -0.0890052356021
259 0.00884955752212
260 -0.190476190476
261 0.0666666666667
262 -0.031914893617
263 -0.307692307692
264 0.0
265 -1.0
266 0.2
267 -0.0414201183432
268 0.031746031746
269 0.0386740331492
270 0.166666666667
271 0.0471014492754
272 -0.15306122449
273 0.176470588235
274 -0.769230769231
275 0.0
276 0.0833333333333
277 -0.357142857143
278 0.0
279 1.0
280 0.0421052631579
281 0.0
282 0.0629921259843
283 0.0
284 -0.0380952380952
285 -0.089552238806
286 0.0201005025126
287 0.06
288 -0.10752688172
289 0.0217391304348
290 0.0
291 1.0
292 -0.189573459716
293 -0.206896551724
294 -1.0
295 -0.0344827586207
296 -0.5
297 0.00448430493274
298 -0.0120481927711
299 0.0758620689655
300 0.0161290322581
301 0.0
302 0.0
303 0.0
304 0.0
305 0.0322580645161
306 -0.046357615894
307 0.0333333333333
308 -0.285714285714
309 0.125
310 0.150837988827
311 0.142857142857
312 -0.5
313 0.04296875
314 0.0252525252525
315 -0.137931034483
316 -0.25
317 0.0540540540541
318 1.0
319 -0.263157894737
320 -0.0343347639485
321 0.0833333333333
322 0.214285714286
323 -0.5
324 -0.0625
325 -0.137931034483
326 -0.0983606557377
327 0.0
328 0.208333333333
329 -0.0526315789474
330 -0.0528052805281
331 0.0119760479042
332 0.375
333 -0.259259259259
334 -0.117647058824
335 0.125
336 0.0441767068273
337 0.142857142857
338 -1.0
339 -1.0
340 0.0
341 -0.128
342 -0.197802197802
343 1.0
344 0.0850340136054
345 -0.0444444444444
346 0.138461538462
347 0.145038167939
348 0.00384615384615
349 0.125
350 -0.12
351 0.103448275862
352 0.0384615384615
353 -0.0975609756098
354 -0.25
355 -0.03125
356 0.0454545454545
357 0.0
358 -0.4
359 -0.0588235294118
360 0.166666666667
361 0.116161616162
362 -0.102040816327
363 -0.0147058823529
364 -0.0900900900901
365 -0.28125
366 -0.25
367 0.118032786885
368 0.0869565217391
369 0.333333333333
370 -0.333333333333
371 -0.0619469026549
372 0.0769230769231
373 0.0857142857143
374 0.0
375 -0.109090909091
376 -0.333333333333
377 -0.125
378 -1.0
379 0.0
380 -0.18487394958
381 -0.0960264900662
382 0.0
383 -0.432432432432
384 0.0
385 0.0245901639344
386 0.206896551724
387 0.186046511628
388 -0.4
389 0.105504587156
390 -0.0121212121212
391 -0.0982142857143
392 -0.2
393 0.56338028169
394 0.0519480519481
395 -0.0376569037657
396 -0.0235294117647
397 0.0982142857143
398 -1.0
399 -0.25
400 -0.666666666667
401 0.0786516853933
402 0.0752688172043
403 -0.234042553191
404 -0.229166666667
405 -0.0390625
406 0.0634920634921
407 1.0
408 0.176470588235
409 -0.105263157895
410 0.0559440559441
411 0.0714285714286
412 0.05
413 -0.0847457627119
414 0.0714285714286
415 -0.05
416 -0.232558139535
417 0.0178571428571
418 -0.176470588235
419 0.0523255813953
420 0.0508474576271
421 0.0507936507937
422 0.126262626263
423 -0.0806451612903
424 0.137931034483
425 -0.108108108108
426 0.0480769230769
427 0.010752688172
428 -0.0277777777778
429 -0.133333333333
430 0.0952380952381
431 -0.333333333333
432 0.333333333333
433 -0.111111111111
434 0.0434782608696
435 0.228571428571
436 -0.259259259259
437 -0.31914893617
438 0.133333333333
439 0.0287081339713
440 0.0
441 0.28
442 0.0
443 0.0666666666667
444 -0.0833333333333
445 -0.666666666667
446 0.0
447 -0.0886075949367
448 -0.104651162791
449 0.0479041916168
450 0.0
451 -0.0917431192661
452 -0.019801980198
453 -0.4
454 -0.375
455 0.257142857143
456 0.030303030303
457 1.0
458 -0.0483870967742
459 0.0
460 0.112068965517
461 0.142857142857
462 -0.375
463 -0.2
464 -0.2
465 -0.0416666666667
466 0.142857142857
467 -0.142857142857
468 -0.181818181818
469 0.030303030303
470 0.0
471 -0.0660377358491
472 0.031914893617
473 -0.428571428571
474 -0.222222222222
475 -0.0169491525424
476 -0.136363636364
477 0.0
478 0.0
479 0.363636363636
480 1.0
481 -0.0280701754386
482 -0.208955223881
483 -0.0454545454545
484 -0.0343511450382
485 -0.3
486 -0.142857142857
487 -0.3
488 0.0121212121212
489 -0.120689655172
490 0.0
491 0.117647058824
492 -0.0816326530612
493 0.5
494 -0.0625
495 -0.228571428571
496 0.0
497 0.157894736842
498 -0.21686746988
499 -0.235294117647
500 1.0
501 1.0
502 0.0298013245033
503 0.0201342281879
504 0.0
505 -0.142857142857
506 -0.368421052632
507 -0.0475
508 0.0
509 0.046875
510 0.0059880239521
511 -0.0263157894737
512 0.0
513 0.222222222222
514 0.0364238410596
515 0.0285714285714
516 -0.142857142857
517 -0.2
518 0.0
519 0.0
520 -0.153846153846
521 -0.125
522 0.0578947368421
523 -0.0114942528736
524 0.010152284264
525 -0.151515151515
526 -0.285714285714
527 0.142857142857
528 -0.393939393939
529 -0.0254237288136
530 1.0
531 0.0322580645161
532 0.166666666667
533 0.0
534 -0.166666666667
535 -0.222222222222
536 -0.0862068965517
537 -0.184210526316
538 -0.28
539 -0.0769230769231
540 1.0
541 0.0
542 0.0
543 1.0
544 -0.0384615384615
545 0.5
546 0.0287769784173
547 -0.0697674418605
548 -0.079295154185
549 -0.0684931506849
550 -0.200892857143
551 0.0314465408805
552 -0.116788321168
553 0.857142857143
554 0.0
555 1.0
556 -0.307692307692
557 1.0
558 0.126984126984
559 -0.259615384615
560 0.714285714286
561 0.3
562 0.03125
563 -0.0666666666667
564 0.00529100529101
565 -1.0
566 -0.25
567 -0.107142857143
568 0.115384615385
569 0.0833333333333
570 0.2
571 0.0909090909091
572 0.0
573 0.125
574 -0.294117647059
575 0.05
576 0.0333333333333
577 -0.281138790036
578 -0.25
579 -0.380952380952
580 -0.6
581 0.0466926070039
582 -0.0243902439024
583 0.12987012987
584 0.0825688073394
585 1.0
586 0.5
587 0.0
588 -0.0618181818182
589 -0.037037037037
590 -0.253012048193
591 -0.2
592 -0.210526315789
593 -0.416666666667
594 -1.0
595 -0.25
596 -0.0376344086022
597 0.232558139535
598 -0.03125
599 -0.333333333333
600 -0.0773195876289
601 1.0
602 0.0833333333333
603 -0.0336134453782
604 0.4
605 -1.0
606 0.0178571428571
607 -0.037037037037
608 0.117117117117
609 -0.75
610 0.25
611 -0.0909090909091
612 0.0
613 -1.0
614 0.0740740740741
615 0.111111111111
616 0.120689655172
617 -0.105263157895
618 0.0363636363636
619 0.0944055944056
620 -0.25
621 -0.21875
622 -0.00606060606061
623 0.11377245509
624 -0.0322580645161
625 0.5
626 0.666666666667
627 0.0049504950495
628 0.0633802816901
629 0.0
630 0.0
631 -0.0434782608696
632 0.25
633 -0.129921259843
634 -0.6
635 0.0797720797721
636 -0.2
637 -0.0283400809717
638 -0.125
639 0.0
640 0.0210526315789
641 0.111111111111
642 -0.5
643 0.2
644 -0.625
645 1.0
646 -0.25
647 -0.0275862068966
648 0.25
649 0.222222222222
650 0.015873015873
651 0.0
652 0.25
653 0.0795454545455
654 0.0454545454545
655 0.0
656 0.0
657 -0.6
658 0.05
659 0.0909090909091
660 -0.0909090909091
661 0.0
662 0.0
663 0.0909090909091
664 0.142857142857
665 0.0666666666667
666 -0.217391304348
667 0.214285714286
668 -0.0416666666667
669 0.00344827586207
670 -0.186046511628
671 -0.0714285714286
672 0.0
673 0.166666666667
674 0.105263157895
675 -0.333333333333
676 -0.212121212121
677 -0.260563380282
678 -0.0833333333333
679 0.0
680 0.0
681 -0.3125
682 0.166666666667
683 -0.0769230769231
684 1.0
685 0.333333333333
686 -0.179487179487
687 0.2
688 -0.5
689 0.375
690 0.333333333333
691 -0.333333333333
692 0.0
693 0.111111111111
694 -0.2
695 0.0
696 0.181818181818
697 0.166666666667
698 0.0
699 0.0519480519481
700 0.115044247788
701 0.183098591549
702 0.333333333333
703 0.333333333333
704 1.0
705 0.0555555555556
706 -0.222222222222
707 0.0847457627119
708 0.00925925925926
709 0.0
710 -0.153846153846
711 0.0
712 0.0
713 0.0
714 0.478260869565
715 -0.307692307692
716 0.0987654320988
717 0.0227272727273
718 0.0625
719 -0.142857142857
720 -0.190476190476
721 0.0
722 0.0
723 0.0
724 1.0
725 0.0
726 0.106382978723
727 -0.333333333333
728 -0.416666666667
729 0.0
730 0.130434782609
731 0.0743243243243
732 0.5
733 -0.299363057325
734 -0.102941176471
735 0.175
736 0.008
737 0.294117647059
738 0.6
739 0.666666666667
740 0.103139013453
741 0.0289855072464
742 0.0
743 -0.0769230769231
744 0.0
745 -0.0571428571429
746 -0.5
747 -0.0357142857143
748 0.0740740740741
749 0.0
750 0.0
751 0.142857142857
752 1.0
753 -1.0
754 1.0
755 0.1875
756 0.0
757 0.0
758 0.0
759 1.0
760 0.0
761 0.0
762 1.0
763 -0.289855072464
764 0.0
765 -0.0111111111111
766 0.0
767 0.2
768 -0.333333333333
769 -0.0875
770 1.0
771 1.0
772 0.142857142857
773 0.25
774 0.027397260274
775 -0.258064516129
776 -0.193548387097
777 -1.0
778 -1.0
779 -0.111111111111
780 0.25
781 1.0
782 1.0
783 0.0869565217391
784 0.0
785 0.0
786 -0.133333333333
787 -0.1
788 0.0519480519481
789 -0.5
790 0.142857142857
791 0.142857142857
792 0.0
793 0.0
794 -0.285714285714
795 0.0504731861199
796 0.0
797 0.0
798 -0.0555555555556
799 0.0
800 -0.190476190476
801 0.5
802 0.0
803 -0.0277777777778
804 0.5
805 -1.0
806 -0.0288065843621
807 -0.1
808 0.0769230769231
809 0.0666666666667
810 -0.25
811 0.5
812 0.0
813 0.0
814 0.134615384615
815 1.0
816 0.166666666667
817 0.0735294117647
818 -0.0566037735849
819 0.142857142857
820 -0.444444444444
821 1.0
822 0.0694444444444
823 1.0
824 -0.0428571428571
825 0.0
826 0.2
827 0.4
828 0.0
829 -1.0
830 1.0
831 -1.0
832 0.0
833 1.0
834 -1.0
835 -0.1
836 -1.0
837 0.5
838 -0.222222222222
839 -0.0526315789474
840 0.2
841 0.0
842 0.111111111111
843 -1.0
844 0.0
845 -0.285714285714
846 0.0
847 1.0
848 0.5
849 0.135135135135
850 0.5
851 0.0
852 0.0
853 0.0
854 -0.3
855 0.0484848484848
856 0.0909090909091
857 -0.222222222222
858 -1.0
859 -0.25
860 0.0
861 0.0
862 0.0
863 -0.0555555555556
864 0.0
865 -0.272727272727
866 -1.0
867 -0.4
868 0.0
869 1.0
870 1.0
871 -0.3
872 0.0909090909091
873 -1.0
874 0.0
875 0.166666666667
876 -0.5
877 -0.2
878 -0.5
879 0.333333333333
880 1.0
881 -0.5
882 -0.0882352941176
883 -0.1
884 -0.025641025641
885 0.0526315789474
886 -0.375
887 0.0
888 0.0
889 0.0
890 -0.0833333333333
891 0.220338983051
892 0.130434782609
893 -0.333333333333
894 -0.0909090909091
895 0.0
896 -0.25
897 0.04
898 -0.571428571429
899 -1.0
900 0.0
901 -0.333333333333
902 -0.0555555555556
903 1.0
904 1.0
905 -1.0
906 0.0
907 0.0
908 -0.222222222222
909 0.5
910 -0.5
911 0.0
912 0.25
913 0.0
914 0.0
915 0.2
916 -0.3
917 0.666666666667
918 0.0
919 -0.285714285714
920 0.0
921 0.0
922 -0.125
923 0.0
924 0.0
925 -0.166666666667
926 0.0952380952381
927 0.0566037735849
928 0.0
929 0.0
930 0.285714285714
931 0.0
932 0.5
933 1.0
934 0.0
935 -0.047619047619
936 0.0
937 0.0
938 0.181818181818
939 -0.136363636364
940 1.0
941 1.0
942 -1.0
943 0.333333333333
944 0.333333333333
945 -0.285714285714
946 1.0
947 -0.178082191781
948 0.0
949 1.0
950 0.5
951 0.0
952 0.0
953 0.0
954 0.457627118644
955 1.0
956 0.0
957 1.0
958 -0.5
959 -0.4
960 -1.0
961 -0.666666666667
962 0.0
963 0.571428571429
964 0.0
965 0.0
966 -0.125
967 -1.0
968 -1.0
969 -0.25
970 -1.0
971 0.5
972 -0.285714285714
973 -0.030303030303
974 -1.0
975 0.5
976 0.0
977 1.0
978 0.0
979 0.0
980 0.0
981 0.0
982 0.375
983 0.0
984 -0.5
985 0.0
986 0.0
987 0.0
988 0.142857142857
989 1.0
990 -1.0
991 -0.166666666667
992 0.5
993 0.181818181818
994 1.0
995 -0.75
996 -1.0
997 -0.5
998 0.0
999 0.0
1000 -1.0
1001 -0.333333333333
1002 1.0
1003 0.285714285714
1004 -1.0
1005 1.0
1006 -0.666666666667
1007 1.0
1008 0.0
1009 0.4
1010 0.0
1011 -1.0
1012 0.25
1013 0.0
1014 0.0
1015 0.0
1016 1.0
1017 1.0
1018 0.142857142857
1019 0.0833333333333
1020 -1.0
1021 0.0
1022 -1.0
1023 0.0
1024 1.0
1025 -0.4
1026 -0.444444444444
1027 -0.333333333333
1028 1.0
1029 -1.0
1030 0.0
1031 -0.333333333333
1032 0.0
1033 -0.285714285714
1034 -0.09375
1035 -0.0909090909091
1036 0.0
1037 0.0
1038 -0.2
1039 0.0
1040 1.0
1041 0.857142857143
1042 -1.0
1043 -0.0357142857143
1044 -0.136363636364
1045 -0.142857142857
1046 0.0
1047 -0.25
1048 0.0
1049 0.0
1050 0.0
1051 -0.2
1052 0.0
1053 0.285714285714
1054 0.0
1055 -1.0
1056 1.0
1057 -1.0
1058 0.0
1059 -0.142857142857
1060 0.4
1061 -0.333333333333
1062 0.0
1063 0.0
1064 0.0
1065 1.0
1066 1.0
1067 -1.0
1068 0.0
1069 -1.0
1070 0.5625
1071 0.0
1072 1.0
1073 -1.0
1074 -1.0
1075 1.0
1076 -1.0
1077 0.0
1078 0.642857142857
1079 0.333333333333
1080 0.571428571429
1081 -1.0
1082 0.0
1083 -1.0
1084 1.0
1085 -1.0
1086 0.0
1087 0.125
1088 -1.0
1089 0.5
1090 0.384615384615
1091 1.0
1092 0.0
1093 0.333333333333
1094 -0.2
1095 -0.666666666667
1096 0.0
1097 -1.0
1098 0.0
1099 0.0
1100 0.0
1101 -0.333333333333
1102 -1.0
1103 0.0
1104 0.0
1105 -0.333333333333
1106 0.2
1107 0.0
1108 0.0
1109 -0.0909090909091
1110 0.0
1111 -0.153846153846
1112 -0.6
1113 0.25
1114 -1.0
1115 0.0
1116 0.444444444444
1117 0.5
1118 0.0
1119 0.0
1120 -1.0
1121 -0.4
1122 -1.0
1123 0.0
1124 1.0
1125 0.0
1126 0.0
1127 -0.4
1128 0.0
1129 1.0
1130 0.0
1131 0.166666666667
1132 -1.0
1133 0.5
1134 -0.666666666667
1135 -0.0909090909091
1136 1.0
1137 0.0
1138 0.0
1139 0.0
1140 0.0
1141 0.0
1142 0.0
1143 -0.0454545454545
1144 -0.125
1145 0.047619047619
1146 -0.333333333333
1147 0.0
1148 1.0
1149 -0.5
1150 0.0
1151 0.5
1152 0.5
1153 1.0
1154 -0.2
1155 -1.0
1156 -1.0
1157 1.0
1158 -1.0
1159 0.0
1160 0.0
1161 0.0
1162 1.0
1163 -0.117647058824
1164 0.5
1165 -1.0
1166 1.0
1167 -1.0
1168 -1.0
1169 0.0
1170 0.0
1171 0.0689655172414
1172 -1.0
1173 0.0
1174 1.0
1175 0.0
1176 -0.0833333333333
1177 1.0
1178 -1.0
1179 0.181818181818
1180 1.0
1181 -0.75
1182 -0.75
1183 -1.0
1184 -1.0
1185 0.0
1186 0.2
1187 -1.0
1188 1.0
1189 0.5
1190 0.0
1191 0.0
1192 0.0
1193 -1.0
1194 0.0909090909091
1195 -0.333333333333
1196 0.0
1197 0.5
1198 0.0
1199 0.0
1200 0.0
1201 0.4
1202 0.0
1203 -0.0909090909091
1204 0.0
1205 0.0
1206 -1.0
1207 0.0
1208 -1.0
1209 1.0
1210 1.0
1211 0.0
1212 -1.0
1213 0.375
1214 -0.2
1215 1.0
1216 0.0
1217 0.5
1218 -0.5
1219 0.0
1220 -0.25
1221 0.0
1222 -0.333333333333
1223 0.0
1224 -1.0
1225 -1.0
1226 1.0
1227 -1.0
1228 0.0
1229 -1.0
1230 0.0
1231 -1.0
1232 0.0
1233 0.0
1234 0.148148148148
1235 0.0
1236 0.0
1237 0.0454545454545
1238 0.333333333333
1239 1.0
1240 0.0
1241 0.0
1242 0.0
1243 1.0
1244 -1.0
1245 1.0
1246 0.0
1247 0.0
1248 0.0
1249 0.0
1250 0.0
1251 -0.5
1252 -1.0
1253 -1.0
1254 0.2
1255 -0.5
1256 0.5
1257 0.0
1258 -1.0
1259 -1.0
1260 0.0
1261 0.0
1262 0.0
1263 0.0
1264 0.0
1265 0.0
1266 0.0
1267 -1.0
1268 1.0
1269 1.0
1270 1.0
1271 0.0
1272 -0.05
1273 0.0
1274 0.0
1275 0.0
1276 0.0
1277 -0.5
1278 1.0
1279 -1.0
1280 -0.25
1281 -0.5
1282 1.0
1283 1.0
1284 1.0
1285 1.0
1286 -0.25
1287 -0.5
1288 -0.153846153846
1289 -0.333333333333
1290 0.0
1291 0.0
1292 -0.5
1293 0.0
1294 0.5
1295 0.0
1296 -1.0
1297 -1.0
1298 -1.0
1299 1.0
1300 -1.0
1301 0.0
1302 -1.0
1303 0.117647058824
1304 0.142857142857
1305 -1.0
1306 1.0
1307 -1.0
1308 1.0
1309 0.0
1310 1.0
1311 0.0
1312 -1.0
1313 0.0
1314 0.0
1315 0.0
1316 -1.0
1317 -1.0
1318 0.0
1319 0.0
1320 0.0
1321 -1.0
1322 0.0
1323 0.75
1324 -1.0
1325 0.0
1326 0.0
1327 1.0
1328 0.0
1329 0.0
1330 0.0
1331 -0.5
1332 0.0769230769231
1333 0.0
1334 -0.5
1335 -1.0
